date      11/1/12       11/1/12     1/10/13     1/10/13     1/10/13     1/10/13     9/21/13
cyc/lane  H01UJ.1       H01UJ.2     H06HD.1     H06HD.2     H06JH.1     H06JH.2     H75EW.1
1         28.643797     28.749261   30.098247   30.130253   29.54646    29.429891   27.369349
2         30.408369     32.632251   30.405836   30.380577   29.799997   29.863134   28.86927
3         33.47148      33.314946   28.28851    28.244948   27.883368   27.888286   29.765735
4         34.085484     33.899233   29.729048   29.605296   29.786955   29.694993   33.404692
5         33.928617     33.635973   30.216392   30.159988   30.303412   30.180238   33.212249
6         34.194744     33.981256   31.017841   31.043202   31.160254   31.076818   33.308565
7         34.24826      33.975275   31.27734    31.320997   31.778685   31.617298   33.327413
8         34.424596     34.127036   31.00577    31.000878   31.300067   31.150222   33.286249
9         33.789736     33.537219   31.017858   30.991647   31.357548   31.229032   34.81689
10        33.987916     33.704051   30.523665   30.519716   31.041618   30.957046   34.783611
11        34.03936      33.670928   30.507849   30.503987   31.030193   30.82541    34.835447
12        34.048612     33.826172   30.532963   30.55806    30.89397    30.869612   34.82517
13        34.071685     33.910687   30.501069   30.493506   30.735429   30.571078   34.713072
14        33.944482     33.773963   29.872283   29.830389   30.584613   30.432043   35.838479
15        33.972291     33.830789   29.473428   29.458453   30.216512   30.084465   35.824675
16        33.954927     33.762092   29.509948   29.442749   30.222076   30.103536   35.832186
17        33.735877     33.720484   29.576218   29.440234   30.188944   30.058255   35.828875
18        33.962908     33.865744   29.77803    29.643624   30.230928   30.063093   35.799574
19        34.046445     33.817385   29.846852   29.704374   30.135651   29.933905   35.867396
20        33.971585     33.943024   29.911      29.889095   30.265679   30.08561    35.835054
21        33.942452     33.816533   29.949363   29.944927   30.258375   29.963414   35.759605
22        33.983031     33.968365   29.999115   29.976349   30.181167   30.049078   35.683108
23        33.967536     33.950328   30.003568   30.055365   30.178127   30.093924   35.723355
24        34.030481     33.937912   30.090784   30.082209   30.290789   29.587644   35.670758
25        34.013435     33.967527   30.161886   30.160693   30.370766   30.178434   35.687515
26        34.125165     33.899736   30.185281   30.175741   30.27539    30.131309   35.634204
27        33.743007     33.894076   30.267137   30.169609   30.260342   30.130436   35.517484
28        34.13276      34.027298   30.280121   30.263095   30.329969   30.158028   35.521865
29        34.063691     33.95317    30.357729   30.284591   30.305616   30.105404   35.517938
30        34.039745     33.886031   30.343569   30.330238   30.253607   30.076591   35.433521
31        34.128472     33.953291   30.347441   30.333403   30.219898   30.046687   35.430964
32        34.027957     33.962527   30.314276   30.29061    30.163024   30.056906   35.305489
33        33.9913       33.875494   30.382891   30.361672   30.131434   29.993014   35.308979
34        34.015294     33.937368   30.351755   30.357389   30.029433   29.898939   35.29035
35        34.036346     33.782411   30.370867   30.376475   30.089231   29.562574   35.249683
36        33.884272     33.813191   30.355454   30.309318   30.127784   30.04574    35.175652
37        33.920421     33.826268   30.415635   30.353646   30.097811   29.982078   35.13724
38        34.017526     33.939872   30.384143   30.394772   30.23501    29.967803   35.103487
39        33.926116     33.876707   30.364708   30.31886    30.225751   30.005332   35.030926
40        33.867977     33.763241   30.413998   30.365101   30.203936   29.997146   34.968707
41        33.903694     33.821441   30.414852   30.356744   30.126644   29.969549   34.948455
42        33.99526      33.840148   30.357547   30.306072   28.904661   29.878503   34.903473
43        33.837035     33.770112   30.431704   30.420652   30.106931   29.811293   34.83776
44        33.890118     33.79095    30.478553   30.431464   30.09953    29.877868   34.753119
45        33.910742     33.884504   30.281227   30.302325   30.109472   29.874446   34.725332
46        33.856825     33.815175   30.528069   30.428492   30.024713   29.875616   34.629481
47        33.829859     33.689369   30.500065   30.456129   29.95068    29.861951   34.56234
48        33.842482     33.770781   30.438425   30.405381   29.93015    29.758302   34.438165
49        33.89019      33.804112   30.509755   30.49814    29.960006   29.773939   34.407138
50        33.751477     33.608196   30.558608   30.44687    30.006946   29.825428   34.329186
51        33.779902     33.781556   30.5749     30.529224   29.979956   29.609403   34.274704
52        33.802039     33.751993   30.442822   30.482589   29.943437   29.743344   34.192799
53        32.475887     32.352979   30.526737   30.51964    30.003624   29.756014   34.140667
54        33.631275     33.619034   30.489157   30.518021   29.91971    29.719032   34.084674
55        33.686145     33.690332   30.526989   30.474537   29.926119   29.639845   34.038088
56        33.723736     33.620011   30.306949   30.324888   29.519778   29.412605   33.936366
57        33.741503     33.643943   30.436583   30.46666    29.744502   29.569368   33.816421
58        33.654635     33.675252   30.534242   30.510297   29.852926   29.698285   33.707973
59        33.631449     33.629299   30.468172   30.485498   29.966898   29.721608   33.604192
60        33.603783     33.628542   30.516029   30.513877   29.908717   29.675913   33.766614
61        33.529375     33.481722   30.526902   30.51433    29.748915   29.732241   33.707682
62        33.587051     33.558663   30.499996   30.466795   29.943728   29.639894   33.634597
63        33.558314     33.537593   30.490822   30.423796   29.84365    29.713901   33.483181
64        33.528429     33.447274   30.52774    30.547746   29.93154    29.731843   33.426322
65        33.535247     33.466963   30.534579   30.511347   29.730821   29.77612    33.268362
66        33.500042     33.456688   30.592142   30.551638   29.943773   29.33444    33.159824
67        33.474816     33.390799   30.655157   30.612564   29.962753   29.755144   33.053873
68        33.467492     33.459487   30.673511   30.552736   29.222842   29.663529   32.935102
69        33.470926     33.383768   30.646826   30.654867   29.843153   29.788009   32.794133
70        33.528927     33.399557   30.726664   30.628364   29.985233   29.778841   32.584825
71        33.424202     33.341512   30.776158   30.779582   30.025545   29.736362   32.506535
72        33.373575     33.251441   30.752006   30.731094   30.031891   29.748104   32.321965
73        29.051665     33.242692   30.748472   30.710615   30.038828   29.806972   32.163723
74        33.303566     33.182845   30.805559   30.807733   30.129624   29.838805   31.999202
75        33.235122     33.04673    30.768376   30.776612   30.095457   29.877626   31.824975
76        32.727088     33.056936   30.933972   30.879244   30.213172   29.825037   31.647217
77        33.287956     33.069255   30.99876    30.957305   30.272297   29.916707   31.446771
78        33.251592     33.080464   31.043118   31.022321   30.260821   29.965327   31.294596
79        33.238501     33.0391     31.118445   31.101632   30.191355   29.974528   31.134324
80        33.226837     33.017245   31.090851   31.109743   30.304289   29.93224    30.9719
81        33.202329     33.040509   31.172819   31.148383   30.406934   30.074844   30.81444
82        33.177232     33.044796   31.2157     31.17835    30.443287   30.092468   30.675552
83        33.164817     32.939351   31.305512   31.169845   30.460425   30.13728    30.526185
84        33.194255     32.938677   31.29173    30.954369   30.081178   29.645911   30.374738
85        33.128059     32.967945   31.339331   31.30878    30.568339   30.136862   30.262866
86        33.104589     32.897663   31.346103   31.327055   30.482623   30.149984   30.147672
87        33.079153     32.898487   31.471143   31.365483   30.593828   30.248142   29.982606
88        33.071004     32.813444   31.478358   31.578941   30.20351    30.365186   29.883318
89        32.970356     32.777714   31.581665   31.703555   30.84266    30.475147   29.642874
90        32.97745      32.774073   31.555972   31.671143   30.744113   30.388163   29.630225
91        32.898837     32.745077   31.654943   31.694996   30.744964   30.514564   29.612888
92        32.858527     32.681847   31.797966   31.754164   30.084105   30.524496   29.490038
93        32.78501      32.645738   31.802498   31.730124   30.848698   29.827359   29.477371
94        32.818159     32.626638   31.564792   31.801716   30.882553   30.492014   29.426243
95        32.724505     32.610926   31.740837   31.756935   30.451463   30.390613   29.408697
96        32.714207     32.550248   31.145104   31.729103   30.669646   30.448043   29.348163
97        32.687556     32.453835   31.695589   31.730058   30.749884   30.31779    29.295223
98        32.624744     32.410358   31.708298   31.723253   30.687067   30.372967   29.243276
99        32.555797     32.181583   31.676338   31.646347   30.703747   30.335298   29.19532
100       32.617393     32.491504   31.675178   31.532307   30.713278   30.411574   29.159359
101       32.593676     32.451904   31.779336   31.590443   30.771507   30.385382   29.125906
102       32.689991     32.460913   31.435675   31.511203   30.751215   30.472668   27.897423
103       32.702765     32.480972   31.774069   31.802261   30.841842   30.555446   28.445794
104       32.602515     32.407095   31.709813   31.678673   30.758363   30.494141   28.819655
105       32.563525     32.405014   31.543396   31.515487   30.682849   30.379284   29.008335
106       32.566861     32.336861   31.656771   31.57655    30.814764   30.426009   29.080452
107       32.506253     32.328737   31.659385   31.632983   30.685795   30.456214   29.094821
108       32.505732     32.3354     31.636461   31.643446   30.68652    30.067625   29.097656
109       32.447795     32.280379   31.67478    31.640266   30.672064   30.420334   29.084698
110       32.387446     32.257202   31.687474   31.657224   29.499512   30.400861   29.065613
111       32.403892     32.250013   31.664257   31.600834   30.604009   30.397881   29.056261
112       32.393505     32.211923   31.517482   31.587324   30.564072   30.361864   29.028087
113       32.410122     32.180683   31.655452   31.630784   30.61452    30.355572   28.99148
114       32.349745     32.187301   31.666343   31.568876   30.595002   30.344844   28.936771
115       32.345102     32.141286   31.639719   31.571979   30.608465   30.196604   28.925657
116       32.340786     32.181647   31.630516   31.592463   30.568982   30.309497   28.8965
117       32.267518     32.124492   31.514175   31.533708   30.566682   30.334156   28.881377
118       32.284635     32.13406    31.547507   31.512623   30.580219   30.264017   28.866233
119       31.876043     32.068396   31.607979   31.508522   30.508609   30.099152   28.84027
120       32.206532     32.03605    31.496342   31.497564   30.419273   30.187598   28.81968
121       32.166545     32.031143   31.384715   31.435913   30.326744   30.03948    28.79042
122       32.187904     32.030183   31.423667   31.432729   30.462684   30.118999   28.763698
123       32.106356     31.987597   31.454596   31.392382   30.437966   30.089122   28.73617
124       32.079918     31.928443   31.408169   31.442124   30.336402   30.091026   28.702448
125       32.068417     31.951988   31.441433   31.354312   30.389692   30.048079   28.675764
126       32.0612       31.93084    31.399111   31.327515   30.364868   30.041019   28.653712
127       31.95891      31.856192   31.377708   31.313833   30.319934   29.996187   28.611884
128       31.912281     31.881135   31.335473   31.267697   30.314969   29.961729   28.594342
129       31.986151     31.772928   31.281706   31.278262   30.312538   29.917186   28.579308
130       31.932961     31.812446   31.246271   31.300235   30.208778   29.853649   28.537928
131       31.848327     31.811115   31.240663   31.256882   30.12515    29.036738   28.518118
132       31.932521     31.737248   31.179188   31.185578   30.230141   29.885245   28.487859
133       31.842545     31.69343    31.193935   31.141388   30.132184   29.669943   28.47076
134       31.870201     31.673816   31.202512   31.146013   29.767027   29.786512   28.432185
135       31.777384     31.640308   31.157631   31.126825   30.091353   29.44035    28.403562
136       31.680044     31.61887    31.045231   31.119915   30.11255    29.713932   28.379797
137       31.747922     31.609474   31.026074   31.046359   30.020766   29.727049   28.355855
138       31.733261     31.553789   31.089028   31.020464   29.932506   29.639511   28.31405
139       31.659201     31.545228   31.047158   30.374234   29.982759   29.618482   28.282007
140       31.61966      31.473814   31.05312    30.920944   29.962045   29.508613   28.233466
141       31.617378     31.433821   31.049368   30.998091   29.938317   29.566493   28.21462
142       31.50118      31.316088   30.959407   30.896853   29.9329     28.339608   28.447667
143       31.498204     31.41237    30.842706   30.941626   29.7585     29.383143   28.521187
144       31.389225     31.337659   30.57158    30.834885   29.681911   29.3466     28.534492
145       31.443452     31.244179   30.783668   30.870075   28.691725   27.604162   28.541651
146       31.378732     31.241475   30.823599   30.708328   29.741681   29.304068   28.529736
147       31.401843     31.288673   30.85634    30.709368   29.708025   29.343011   28.503574
148       31.309977     31.198658   30.737177   30.766717   28.449346   28.816047   28.47296
149       31.241173     31.116181   30.726734   30.673925   29.634717   29.238979   28.449363
150       31.172268     31.102841   30.704778   30.71664    29.5507     29.177063   28.417449
151       31.145566     30.986922   30.595352   30.647481   29.468454   29.056351   28.399735
152       31.217023     31.01584    30.614028   30.636505   29.468626   29.07475    28.39343
153       31.059892     31.007247   30.485568   30.446093   29.359564   28.972184   28.352018
154       31.014973     30.9075     30.506764   30.417306   28.967201   28.522386   28.322267
155       30.08758      30.888298   30.460993   29.380421   28.841201   28.624148   28.275718
156       30.869557     30.792822   30.456936   30.293247   29.261469   28.634887   28.257206
157       30.886864     30.752431   30.391129   30.372371   29.197857   28.749443   28.243559
158       30.882437     30.751976   30.439281   30.356324   28.622206   28.694666   28.234629
159       30.854758     30.668917   30.114286   30.285857   29.144019   28.694768   28.217689
160       30.753159     30.67783    30.400991   30.203066   29.216209   28.610472   28.191071
161       30.705362     30.592516   30.33834    29.972221   29.031587   28.604381   28.165448
162       30.75608      30.554641   30.047753   30.266133   29.078725   28.530403   28.136714
163       30.322943     30.527      30.245491   30.187447   28.980463   28.488179   28.114414
164       30.64435      30.379558   30.170459   30.129996   28.953979   28.332721   28.07746
165       30.546238     30.374358   30.131428   30.139212   28.981255   28.343894   28.048704
166       30.520813     30.362371   30.128469   29.972805   28.918177   28.387784   28.032972
167       30.41733      30.261804   30.054884   30.013661   28.916739   28.2974     27.979611
168       30.41259      30.203714   30.029301   29.940333   28.870963   28.009143   27.962927
169       30.359719     30.151118   29.947321   29.942542   28.33388    27.365308   27.927434
170       30.27562      30.072292   29.947868   29.854405   28.763374   27.896778   27.868062
171       30.23052      30.055965   29.891281   29.794928   28.708657   28.071117   27.855134
172       30.209634     29.998678   29.880235   29.87055    28.629547   27.95703    27.840432
173       29.968668     29.873065   28.088616   29.771308   28.704753   26.013796   27.793712
174       30.02527      29.832456   29.75256    29.497313   28.590087   27.856236   27.761901
175       29.871123     29.735658   29.72543    29.63407    28.448746   27.674671   27.749996
176       29.797063     29.655583   29.692859   29.592041   28.481605   27.5838     27.705362
177       29.631736     29.707131   29.712134   29.531322   28.503359   27.626885   27.672406
178       29.084014     29.592306   29.696776   29.417629   28.38951    27.403134   27.629017
179       29.62596      29.381001   29.620223   29.47776    28.238833   27.539244   27.602634
180       29.691328     29.401977   29.607173   28.873266   28.228164   27.476827   27.563948
181       29.501843     29.423223   29.511922   29.37196    28.181086   26.327296   27.532138
182       29.418118     29.204471   29.440264   29.365986   27.860153   27.313997   27.505989
183       29.377631     29.193202   29.407178   29.276442   28.126117   27.276213   27.485106
184       29.163859     29.187092   29.22355    29.164192   28.084903   27.316511   27.443167
185       29.26467      29.023965   29.273564   29.17297    28.058166   27.315369   27.418603
186       29.020281     28.783588   29.307653   29.070838   27.747344   27.242466   27.377897
187       29.129717     28.844144   29.09993    28.988808   27.801877   27.002623   27.355355
188       29.012894     28.790692   29.098989   28.979788   27.507704   26.81729    27.323079
189       28.845589     28.720577   29.07154    28.898624   27.6709     26.554411   27.297144
190       28.806176     28.654041   28.907164   28.769156   27.616185   26.935716   27.266977
191       28.748494     28.478051   28.863599   28.696903   27.557859   26.903279   27.228864
192       28.524153     28.422006   28.834532   28.436859   27.482044   26.572615   27.17121
193       28.556285     28.219518   28.756246   28.500749   27.309914   26.512147   27.131927
194       28.527828     28.222763   28.794009   28.228986   27.220698   26.681898   27.070512
195       28.359502     28.025357   28.57173    27.998506   27.224116   26.612991   27.04988
196       28.241357     27.972178   28.397349   28.104419   26.807988   26.469038   26.99821
197       27.632038     27.863773   28.29124    28.066588   27.017226   26.242884   26.955598
198       26.356127     27.722878   28.239287   27.960248   26.847329   26.34372    26.921077
199       27.169293     27.599604   28.13517    27.839048   26.94414    26.232386   26.882717
200       27.789252     27.599569   28.027396   27.719587   26.869768   25.979954   26.849468
201       27.681088     27.477879   27.849876   27.497712   26.722582   25.726227   26.79609
202       27.518152     27.245393   27.611846   27.402655   26.618756   25.801444   26.737884
203       27.378211     27.184673   27.560852   27.096107   26.531917   25.540076   26.705035
204       27.165297     26.990271   27.553191   27.127732   26.317073   25.639156   26.558958
205       27.104837     26.832036   27.323095   26.882305   26.318444   25.309052   26.557631
206       26.808993     26.64523    26.943111   26.983586   26.067958   24.939533   26.536648
207       26.713056     26.619551   27.131149   26.852996   26.061004   25.120779   26.501786
208       26.586857     26.371914   26.72931    26.255159   25.819286   25.046466   26.478322
209       26.238448     26.011365   26.81028    26.57074    25.822915   24.797059   26.438334
210       26.279866     25.825788   26.852502   26.418552   25.509561   24.576293   26.41533
211       26.10028      25.795072   26.708755   26.159715   25.494819   24.389859   26.334367
212       26.041        25.660504   26.465648   26.093684   25.438398   22.640212   26.286044
213       25.588333     25.22436    26.50363    25.910603   25.175684   24.261034   26.249188
214       25.398091     25.048891   26.219404   25.855645   24.694956   23.951973   26.195842
215       25.30609      24.794221   26.408117   25.784883   25.093547   23.913877   26.151153
216       24.852057     24.626734   26.170059   25.659486   24.96249    23.17231    26.098006
217       24.678524     24.651331   25.800818   25.151616   24.417253   23.65261    26.039335
218       24.39778      24.456998   25.843689   25.108866   24.686776   23.534102   26.014715
219       24.036364     24.227149   25.626401   25.077571   24.51952    23.246102   25.960044
220       23.889418     24.089131   25.478192   24.950291   24.309848   22.827182   25.901954
221       23.585852     23.837683   25.188217   24.689978   24.208244   22.992644   25.857328
222       23.237055     23.462851   25.254699   24.475774   24.007458   22.704162   25.798805
223       23.004987     23.213419   25.028329   24.291007   23.525477   22.569571   25.714411
224       22.734948     22.618872   24.954264   24.193047   23.591415   22.123452   25.660027
225       22.530304     22.558761   24.7406     23.95422    23.428404   21.835822   25.622287
226       22.110538     22.235785   24.599857   23.850836   23.279928   22.075149   25.569912
227       21.828337     22.093163   24.460769   23.705765   23.065553   21.816248   25.485754
228       21.807326     21.832339   24.376381   23.411012   22.74969    21.063472   25.413728
229       21.270448     21.245988   24.033594   23.092374   22.484162   21.102165   25.333766
230       20.858267     21.159817   23.825978   22.758571   22.406949   21.058253   25.247179
231       20.610004     20.611218   23.671124   22.602129   22.094943   20.741546   25.192147
232       20.037341     20.128344   23.411249   22.43678    21.823146   20.489276   25.134978
233       19.5241       19.815194   23.149638   22.098816   21.607581   19.654496   25.050187
234       19.050855     19.372381   22.897577   21.74709    21.495261   19.726368   24.963413
235       18.608957     18.964778   22.738923   21.515002   21.17152    19.657335   24.88719
236       18.046201     18.39876    22.173411   20.866798   20.709161   19.196455   24.813245
237       17.730978     17.672344   21.88484    20.683338   20.537594   18.697036   24.710554
238       17.092796     17.186229   21.520451   20.23622    20.010063   18.582784   24.638217
239       16.559566     16.471285   20.901798   19.732007   19.703776   17.992601   24.54318
240       15.969047     15.890919   20.503397   19.169524   19.063117   17.690043   24.397706
241       14.968348     15.009395   19.674251   18.718375   18.432494   17.157294   24.275077
242       14.24671      14.386879   19.372802   18.100348   18.338799   16.661607   24.148393
243       13.481006     13.540531   18.523492   17.507871   17.692407   15.954684   23.988463
244       12.899046     12.816192   18.207928   16.766303   16.985674   15.303544   23.791782
245       12.290386     12.116188   17.521712   15.903363   16.174434   14.622777   23.592988
246       11.392207     11.267899   16.417568   14.860674   15.006548   13.4799     23.350589
247       10.349797     10.376755   14.760099   13.324228   13.152068   11.894612   23.04393
248       9.275484      9.307856    12.761452   11.457875   11.365838   10.066351   22.659562
249       8.184307      8.194041    11.233241   9.826525    9.874219    8.622411    22.059705
250       3.848676      3.851718    7.515341    6.150565    6.553556    5.596644    17.186719
251       26.63995      28.204115   26.518055   26.561602   25.812039   25.409905   25.165496
252       29.917391     31.593127   26.831716   26.983039   25.975256   25.672981   24.942974
253       24.327473     23.906912   25.273205   25.646031   23.778924   23.573132   25.9403
254       26.701931     24.690582   26.769457   27.723215   26.445049   25.997489   28.519933
255       22.050065     25.756927   28.354475   28.432223   27.003597   27.144273   28.712746
256       25.819638     30.840171   29.084578   28.195822   27.062793   27.914197   28.076132
257       26.405625     31.023688   29.607479   29.703219   27.213015   26.098509   27.839066
258       25.390597     27.781342   29.474412   29.26476    28.534363   27.665741   28.485256
259       22.806446     21.41883    29.389516   29.527645   26.967516   26.717707   30.462577
260       23.230974     27.43258    29.121942   29.221239   27.368169   27.845716   29.461426
261       24.339622     21.155912   29.152684   29.183841   28.242867   27.931933   30.5975
262       22.584444     28.478979   29.157617   29.234977   28.218811   27.955402   29.694716
263       21.985669     28.414469   28.997357   29.096626   25.984317   26.314074   28.747637
264       23.692386     30.597612   28.649138   28.772237   26.544695   26.699289   29.830904
265       22.957208     23.180858   28.592347   28.666528   25.766245   26.098781   31.134774
266       24.503916     23.918036   28.509969   28.616788   26.184852   25.708934   31.405471
267       20.969042     22.586486   28.63505    28.690612   26.479826   26.178923   30.602149
268       25.297085     23.668459   28.618335   28.686219   27.291382   27.132183   31.057255
269       20.944187     24.259197   28.633547   28.661633   27.647039   27.474868   30.379473
270       21.726233     25.633416   28.720689   28.724859   27.611622   27.470288   29.195114
271       25.146832     30.790704   28.660336   28.765829   26.401862   25.471746   29.629523
272       24.950635     30.67184    28.664217   28.756411   27.596517   27.351246   29.083262
273       21.317546     23.636278   28.737283   28.75805    27.796061   27.407294   30.582026
274       26.956548     26.753267   28.688172   28.746552   25.628943   25.843206   29.407547
275       24.314858     28.755263   28.704026   28.793976   27.489911   26.925121   28.750992
276       22.871885     22.193868   28.636859   28.721152   26.054999   25.355981   29.897954
277       23.197664     25.390976   28.675379   28.837209   27.259083   26.91883    28.717643
278       21.658858     23.524848   28.539533   28.800654   26.103273   25.520608   30.303742
279       22.200703     24.643742   28.804316   28.695915   27.008196   27.053742   28.653431
280       22.995392     22.17701    28.772942   28.797086   27.382001   26.922469   29.978493
281       24.287471     25.959426   28.714599   28.732894   27.646865   27.411036   28.826668
282       23.42515      26.350595   27.387474   28.67164    27.286626   27.291365   27.892374
283       24.162945     28.755489   28.591793   28.573172   27.221197   27.068398   27.802832
284       26.081499     28.57058    28.553712   28.578475   27.461783   27.098114   27.459906
285       27.61207      27.763087   28.614247   28.469802   27.401181   27.187525   26.923754
286       26.8732       28.640412   28.53635    28.592414   26.519234   25.552876   27.228457
287       26.456303     27.277906   28.550521   28.615513   26.673645   27.173632   27.745737
288       23.913211     21.319557   28.4888     28.394929   27.435046   27.049852   29.189944
289       25.20909      25.667779   27.837506   28.575466   27.456121   27.165944   27.674355
290       26.265121     26.886308   28.59049    28.531663   27.314721   27.077159   27.689974
291       28.172722     30.702752   28.455207   28.554032   27.329394   27.112005   27.978037
292       26.780869     30.612343   28.537669   28.53052    27.264826   26.944864   27.205828
293       25.518283     30.530069   28.515351   28.550191   27.356998   27.023751   27.008427
294       26.79324      28.4852     28.487793   28.521005   27.0905     26.940707   26.460261
295       25.156387     27.235998   28.451916   28.518721   27.370983   27.02685    26.808465
296       25.88032      30.467114   28.417538   28.485317   27.044842   26.896481   26.20838
297       26.202772     28.70575    28.297028   28.349786   27.251885   26.852056   26.102375
298       28.408134     30.527996   28.526715   28.403296   26.954434   27.143927   25.938249
299       26.978911     28.232613   28.544357   28.529496   27.354991   27.10157    26.030923
300       26.942895     28.337922   28.442434   28.568046   27.327992   26.955772   26.35816
301       26.218267     30.364429   28.449691   28.472385   27.285823   27.009738   25.759432
302       27.417143     27.598942   28.393576   28.514478   27.051065   26.901291   25.393361
303       25.287667     27.836722   28.398631   28.426545   27.270984   26.941689   25.577302
304       25.44017      28.732926   28.385007   28.401806   27.077645   26.84496    25.491149
305       25.49837      28.622886   28.266427   28.433688   26.848124   26.894822   25.792264
306       26.523549     30.272442   28.309473   28.257347   27.067902   26.732058   25.763494
307       27.904773     30.216355   28.332544   28.339929   26.940037   26.70794    25.800238
308       28.126854     27.3517     28.29547    28.41449    27.029603   26.762023   25.629524
309       25.644692     27.964098   28.325861   28.181389   26.840121   26.755165   25.382726
310       26.521111     27.668894   28.261931   28.313917   26.98014    26.766044   25.20793
311       26.4159       27.254786   28.317825   28.337034   27.007054   26.733159   24.949399
312       27.382683     26.976846   28.25636    28.308659   26.90842    26.674769   24.955382
313       26.592513     28.459355   28.287269   28.345232   27.006286   26.683441   24.563499
314       26.306247     28.473083   28.195142   28.286228   26.720116   26.673173   24.313739
315       26.323575     28.172307   28.229736   28.303611   26.729098   26.638973   24.75469
316       26.699267     28.385347   28.281414   28.242227   26.718757   26.568646   24.323024
317       25.531579     28.394091   28.282116   28.255884   26.813783   26.654238   23.866615
318       26.695466     27.185531   27.888311   28.303464   26.855215   26.609019   24.08944
319       24.392686     27.487045   28.238444   28.249972   26.740034   26.620125   23.52728
320       29.634686     28.59246    28.236439   28.30263    25.865311   26.555353   23.699446
321       27.47474      28.545393   28.176054   28.304602   26.735148   26.459445   23.459333
322       27.319193     27.504177   28.28723    28.348885   26.713978   26.494111   23.770141
323       26.595922     27.640449   28.058984   28.260862   26.731725   26.54022    23.874972
324       26.628187     27.84212    28.352046   28.27104    26.994143   26.509121   23.450849
325       27.593422     27.891671   26.301932   26.952615   26.786135   26.475729   23.060641
326       27.766612     29.948446   27.948148   28.382682   26.938304   26.06298    23.285742
327       27.713586     28.170032   26.646023   28.382631   26.027223   26.555584   22.807377
328       29.465508     27.83525    28.315528   28.439812   26.966354   26.555207   22.535415
329       29.444061     28.538364   28.325742   28.13386    26.9885     26.5671     22.816741
330       26.718849     29.813984   27.967257   28.385018   26.908123   26.598691   22.446301
331       29.344515     29.777233   27.663467   28.458307   26.976525   26.568887   22.667758
332       26.434288     28.565738   28.397999   28.569907   26.915291   26.468955   22.460894
333       26.49168      28.323455   28.322274   28.540819   27.052325   26.558607   22.54388
334       29.246595     28.160764   28.475746   28.401278   26.991572   26.508716   22.497073
335       27.514156     29.650758   28.476614   28.446867   26.433995   26.581967   21.624328
336       26.830276     28.248649   28.429141   28.508202   26.90836    26.47595    21.560695
337       29.250367     28.364698   28.485247   28.310058   26.166723   26.469675   21.325281
338       29.202693     28.430887   28.473523   28.422313   24.554431   26.516234   21.200948
339       29.115219     27.539173   28.401593   28.367408   26.895864   26.360315   20.835727
340       27.354603     28.278728   27.019308   28.086204   26.897992   26.285085   20.812082
341       27.47742      29.341516   28.277838   28.318483   26.876741   26.277136   20.983533
342       27.570859     29.370405   28.226944   28.132115   26.815725   26.369484   20.753897
343       27.398685     28.13654    28.273903   28.279581   26.721274   26.247385   20.734053
344       28.828243     28.110433   28.202597   28.247038   26.430772   26.209619   20.786558
345       26.528815     27.394099   28.097995   28.326973   26.617859   26.130385   20.517285
346       25.15771      29.140405   27.97794    28.011817   26.499686   26.121765   20.489831
347       28.668759     28.197118   28.113521   28.148478   26.504304   26.059786   20.326542
348       28.620736     27.859794   28.045254   28.200623   26.369827   26.017701   20.258864
349       27.087832     29.044328   27.94139    27.764007   26.274486   25.69337    20.406922
350       27.147034     27.535164   27.948185   28.052078   26.483183   25.822167   20.682796
351       26.958521     27.902423   27.932303   28.015064   26.302314   25.91327    20.480566
352       28.43753      28.915797   27.793013   27.532021   26.34847    25.895025   19.803966
353       27.940362     28.987876   28.035505   28.047765   26.644531   25.884074   20.483417
354       28.520284     28.948108   28.130909   28.096026   26.535183   26.142298   20.804987
355       28.497855     28.96436    28.021091   28.085811   26.489106   25.99069    21.225039
356       28.44398      28.910598   28.02541    28.093618   26.395127   25.963662   21.500125
357       28.446264     28.045012   27.187395   27.987774   26.473091   25.88618    21.478259
358       28.367678     27.381998   27.701894   27.933235   26.456017   25.836839   21.24845
359       28.394899     27.954705   27.79073    26.877567   26.370133   25.866373   21.089738
360       28.31068      28.833262   27.603174   27.765523   26.173226   25.755768   20.966691
361       28.352587     28.754138   27.606152   27.673992   26.209407   25.672935   21.209243
362       28.319502     28.762159   27.598914   27.419872   26.181868   25.466911   21.243837
363       28.282521     27.875797   27.395018   27.69227    25.862913   25.511502   21.4212
364       28.205251     27.880711   27.497462   27.318637   25.361964   25.434252   21.251485
365       28.159513     27.815722   27.23335    27.386746   25.821626   25.220329   21.11509
366       27.349241     27.824094   26.002917   27.447404   25.795549   24.972989   21.161673
367       28.094884     28.597297   27.283765   27.411274   25.7534     25.205447   21.019164
368       28.104086     28.593466   27.077076   26.966705   25.715856   25.167465   21.186721
369       27.279004     27.792155   27.09405    26.707885   25.599023   24.981867   21.309497
370       27.982423     27.334931   26.695912   27.083493   25.489368   24.919417   21.168386
371       27.851384     27.691978   26.662004   26.834931   25.37589    24.859638   20.953485
372       28.002012     27.7236     26.782568   26.820405   25.460985   24.437341   20.85871
373       27.979151     27.72036    26.732966   26.727017   25.337702   24.284109   20.962907
374       26.809723     28.356803   26.223448   26.30038    25.149725   24.680663   20.886864
375       27.863442     27.754818   26.504569   26.487384   25.149981   24.233537   20.833332
376       27.908446     28.34583    26.384635   26.390016   25.084371   24.457973   20.967135
377       27.841215     27.864738   26.383966   26.37746    24.962333   24.166562   20.913802
378       27.744593     27.698549   26.302813   26.362672   24.913593   24.207724   20.777935
379       27.715455     27.70742    25.884475   26.089411   24.806211   24.032729   20.645185
380       27.719395     27.66358    25.960385   26.178745   24.662153   23.999043   20.397753
381       27.578713     27.610269   25.963274   25.965137   24.566635   23.971506   20.529797
382       26.565207     27.596755   25.60308    26.045823   24.443156   23.580252   20.524719
383       27.621174     27.360879   25.521937   25.65314    24.302662   23.681321   20.563847
384       27.596915     28.120343   25.53202    25.461726   24.247964   23.565002   20.648301
385       27.497094     27.811567   25.55581    25.272938   24.166714   23.245169   20.556858
386       26.653064     27.820895   25.24098    25.074026   24.030906   23.236513   20.515917
387       27.514682     28.013307   25.295029   25.199904   23.792472   23.089266   20.610198
388       27.441966     27.943596   24.926461   24.92069    23.62966    23.023802   20.598571
389       27.457686     27.897741   24.873042   24.679023   23.563977   22.859673   20.432332
390       27.271037     27.861563   24.364357   24.696767   23.411373   22.696967   20.427888
391       27.278621     27.877536   24.662257   24.509011   23.304436   22.641451   20.264734
392       26.433253     27.786426   24.522199   24.183675   23.017524   22.432965   20.213645
393       27.254383     26.983879   24.085146   24.046328   22.817672   22.182205   20.317428
394       27.265958     27.038038   24.023917   23.809646   22.849023   21.904491   20.117734
395       27.213831     27.027327   23.608087   23.353352   22.707505   21.790553   20.195825
396       27.146963     27.633848   23.387015   23.033552   22.490598   21.397453   20.180933
397       27.100116     27.632855   23.204585   23.47598    22.269412   21.474244   20.135377
398       27.064586     27.580137   22.436952   23.067615   22.024805   21.125267   20.110834
399       26.979837     27.552698   22.929412   22.470775   21.654817   20.971404   20.014535
400       26.926962     27.450505   22.807476   22.802792   19.614637   20.750254   20.098336
401       26.869619     26.796901   22.335503   22.356369   21.433383   20.363424   20.07328
402       26.827906     26.609783   22.032467   22.378825   21.209007   20.297424   20.020805
403       26.797866     27.247723   20.790521   21.99523    21.055444   20.0377     20.007815
404       26.124952     27.25094    21.542601   21.583849   20.64745    19.836508   19.92672
405       26.705509     27.167482   21.51202    21.406254   20.497807   19.243783   19.855429
406       26.625344     27.068065   21.130237   21.217185   20.132899   19.406017   19.686824
407       26.497407     26.413577   21.170341   20.859787   19.544243   19.063617   19.623228
408       25.756541     26.231904   20.847745   20.351567   19.601539   18.837169   19.473355
409       26.229547     26.413448   20.533841   20.198024   19.104976   18.384757   19.479033
410       25.226569     26.385805   19.993533   19.708894   17.799193   18.299081   19.617966
411       26.253965     26.214876   19.811939   19.185984   18.800021   17.874685   19.454151
412       26.126748     26.751561   19.610927   19.039816   18.76014    17.684607   19.503194
413       25.251183     26.232626   19.032742   18.538547   18.463102   17.304186   19.521029
414       25.263919     26.712529   18.27555    17.9665     18.00039    17.08304    19.348034
415       26.019282     26.630472   18.65193    17.575848   17.904306   16.729528   19.316773
416       25.744794     26.585109   18.212508   17.195108   17.5159     16.165374   19.346436
417       24.491989     26.486229   17.854778   16.859133   17.164523   15.777099   19.407168
418       25.122791     26.493227   17.459727   16.348418   16.756466   15.581415   19.28324
419       25.765987     26.348224   17.06968    15.921078   16.364868   15.256846   19.260047
420       25.668568     26.36971    16.722442   15.045574   15.806357   14.894935   19.245466
421       25.65974      26.080904   16.284709   14.526502   13.948431   14.51984    19.111658
422       25.515807     25.417824   15.925425   11.476646   15.057861   14.107085   19.084003
423       25.367101     26.012745   15.537539   11.503373   14.812749   13.703512   18.948472
424       25.205797     25.404862   15.00642    12.880829   14.255103   13.072931   18.90946
425       24.513538     25.828955   14.336924   12.997945   13.941603   12.677766   18.844134
426       25.212897     25.888143   14.156627   12.825319   13.478768   12.385756   18.840908
427       24.978223     25.74371    13.729904   12.485009   13.091456   11.915995   18.890746
428       25.017165     25.654686   13.14633    12.12032    12.578901   11.476994   18.898126
429       24.743538     25.636301   12.696646   11.64977    12.081482   11.051707   18.749893
430       24.779253     25.554048   12.301705   11.212092   11.38435    10.522831   18.557292
431       24.72991      25.562032   11.781991   10.804631   10.462917   10.075983   18.600331
432       24.5898       25.449262   11.402854   10.221284   10.194258   9.504233    18.513933
433       24.509989     25.328479   10.847557   9.810423    9.428455    9.067801    18.326102
434       23.853766     25.183656   10.441707   9.440009    8.553636    8.525023    18.345631
435       22.286286     25.143735   10.014169   9.045398    8.782481    8.078355    18.319936
436       24.114725     25.100074   9.559283    8.587727    8.29218     7.663918    18.156403
437       24.088769     24.991204   9.145236    8.132087    7.829138    7.24166     18.131839
438       23.900993     24.838088   8.691198    7.764963    7.155748    6.832136    17.986492
439       23.655495     24.692229   8.352846    7.444881    6.771764    6.39346     17.990297
440       23.099814     24.51033    7.853861    7.030754    5.913973    6.017113    17.716832
441       23.5221       24.455703   7.528686    6.643499    5.422123    5.625926    17.647537
442       23.365058     24.364464   7.137117    6.294412    5.527036    5.243305    17.678984
443       23.193166     24.228342   6.781107    5.912416    5.264475    4.877736    17.313071
444       22.788661     24.105369   6.425453    5.609053    5.022225    4.556392    17.511894
445       22.899076     23.972416   6.086644    5.26119     4.750206    4.225226    17.558962
446       22.431818     23.65243    5.750389    4.983322    4.469412    3.958283    17.395076
447       22.054497     23.670517   5.372455    4.681428    4.203903    3.725209    17.389922
448       22.457314     23.14958    5.065123    4.435406    3.962346    3.507017    17.299949
449       22.261952     23.153042   4.829376    4.204903    3.757018    3.312537    17.189489
450       22.298618     22.798135   4.613888    3.994005    3.563399    3.133796    17.230018
451       21.981959     23.084893   4.373336    3.78239     3.376767    2.969685    17.167233
452       21.649396     22.956346   4.18154     3.619294    3.21033     2.822739    17.1957
453       21.54993      22.848728   4.020382    3.469364    3.048952    2.697679    17.19739
454       21.378134     22.19065    3.910852    3.386805    2.903702    2.602294    17.077408
455       21.162376     22.63182    3.774057    3.255661    2.790559    2.509498    16.89137
456       20.958505     22.488515   3.573742    3.103707    2.665692    2.413417    16.894619
457       20.593398     22.12583    3.400061    2.950455    2.545619    2.332554    16.876874
458       19.90447      21.93866    3.226672    2.804455    2.44365     2.259615    16.734782
459       20.314016     21.784859   3.047497    2.665485    2.357366    2.196072    16.609773
460       20.03774      21.081297   2.907275    2.557092    2.274121    2.141186    16.567959
461       19.919213     21.499981   2.781005    2.452043    2.204432    2.099108    16.535507
462       19.57411      21.258536   2.643377    2.353742    2.156864    2.066857    16.441634
463       19.318206     21.015131   2.527615    2.261936    2.114389    2.042749    16.440144
464       18.859866     20.294749   2.433688    2.206132    2.081911    2.026426    16.382028
465       18.697586     20.593816   2.351857    2.164646    2.055337    2.014957    16.326097
466       17.925688     20.448887   2.281312    2.131719    2.03644     2.007586    16.211891
467       18.005447     20.20436    2.227204    2.101909    2.021733    2.003313    16.067778
468       17.832502     19.500965   2.182304    2.077908    2.01188     2.001309    15.88209
469       17.371915     19.630598   2.13719     2.056141    2.005886    2.000461    15.858777
470       17.117304     19.234632   2.103483    2.03962     2.002578    2.000144    15.794252
471       16.640878     19.0713     2.076989    2.026989    2.000909    2.000071    15.627423
472       16.346876     19.021487   2.055118    2.017457    2.000322    2.000037    15.412113
473       15.951632     18.602454   2.038079    2.010746    2.000111    2.000023    15.328143
474       15.512439     18.206462   2.025524    2.006063    2.000046    2.000018    15.356223
475       15.098061     17.801137   2.015924    2.003002    2.000024    2.000016    15.343307
476       14.843731     17.448378   2.009597    2.00138     2.000019    2.000014    15.294327
477       14.397878     17.163168   2.005399    2.000549    2.000017    2.000012    15.153748
478       13.93969      16.843609   2.002703    2.000187    2.000013    2.000011    15.105312
479       13.451041     16.438338   2.001114    2.000053    2.000011    2.000011    14.970232
480       13.007448     16.106391   2.000399    2.000016    2.000011    2.000011    14.858437
481       12.415921     15.579709   2.000112    2.000006    2.000011    2.000009    14.778011
482       11.866521     15.379085   2.00003     2.000003    2.00001     2.000009    14.648299
483       11.235713     14.827538   2.000009    2.000002    2.00001     2.000008    14.494996
484       10.701713     14.227918   2.000005    2.000001    2.000009    2.000008    14.416458
485       10.065576     13.627659   2.000003    2.000002    2.000009    2.000007    14.257867
486       9.477254      13.283935   2.000002    2.000001    2.000007    2.000006    14.014957
487       8.678089      12.592193   2.000002    2.000001    2.000006    2.000006    13.806353
488       8.436597      11.980094   2.000001    2.000001    2.000005    2.000005    13.650275
489       7.76685       11.250401   2.000001    2.000001    2.000004    2.000004    13.56796
490       7.162959      10.583485   2.000002    2.000001    2.000003    2.000003    13.417683
491       6.305702      9.519228    2.000002    2.000001    2.000003    2.000003    13.231727
492       5.560047      8.431093    2.000001    2.000001    2.000002    2.000002    13.003304
493       4.768525      7.180306    2.000001    2.000001    2.000002    2.000002    12.816359
494       3.953121      5.808313    2.000001    2.000001    2.000002    2.000001    12.565647
495       2.623124      3.272177    2.000002    2.000001    2.000001    2.000001    12.305936
496       2.161553      2.094037    2.000001    2           2.000001    2           12.055798
497       2.217009      2.133506    2.000001    2.000001    2.000001    2           11.748641
498       2.012827      2.01534     2.000001    2           2.000001    2           11.326664
499       2.000003      2.000951    2           2           2           2           10.705145
500       2.000024      2.001133    2           2           2           2           8.090028
